# ghc-7.6.3
1 0.479126486
2 0.486748328
3 0.485762131
4 0.485940761
5 0.483039134
6 0.494383947
7 0.481948367
8 0.495908671
9 0.505185335
10 0.496075944
20 0.505020363


# ghc-7.8.3
1 1.140224284
2 1.154987653
3 1.12762994
4 1.143935918
5 1.145039588
6 1.163354876
7 1.145197164
8 1.155987491
9 1.15794431
10 1.161566685
20 1.169001797


# ghc-7.10.1
1 0.558480236
2 0.560526326
3 0.553640056
4 0.563184144
5 0.541711817
6 0.561380251
7 0.566278068
8 0.5672823
9 0.555169176
10 0.570389964
20 0.569462888

