# ghc-7.6.3
1 0.946680938
2 1.22681659
3 1.529233844
4 1.810746918
5 2.06726486
6 2.420654989
7 2.699705836
8 3.069295874
9 3.278865794
10 3.639590332
20 7.218542849


# ghc-7.8.3
1 2.885212462
2 4.419104515
3 5.800471111
4 7.503580862
5 8.805591206
6 10.12933237
7 12.03338962
8 13.239176063
9 14.713893988
10 16.300902394
20 31.185416357


# ghc-7.10.1
1 2.443371117
2 4.243125507
3 5.829089721
4 7.399982418
5 9.528847806
6 11.174423976
7 12.681832285
8 14.443268811
9 16.273321548
10 17.757740458
20 34.892716936
