# ghc-7.6.3
1 0.881690513 3.155156
2 1.134827484 3.19782
3 1.423377285 3.2419
4 1.711956183 3.285092
5 1.979444638 3.327748
6 2.180183902 3.370428
7 2.585949263 3.408996
8 2.89127417 3.451676
9 3.147298626 3.494452
10 3.443489403 3.537332
20 6.849105046 3.957796


# ghc-7.8.3
1 2.749367961 10.587312
2 4.195051292 10.730552
3 5.498535454 10.873496
4 7.052412776 11.016432
5 8.597646198 11.159688
6 10.040051542 11.302792
7 11.248812769 11.44144
8 12.808613664 11.584048
9 14.282383903 11.726672
10 15.783082641 11.869272
20 29.689468412 13.286592


# ghc-7.10.1
1 2.378691774 3.291064
2 4.102932585 3.470976
3 5.64569861 3.646632
4 7.299587728 3.826448
5 9.086357844 4.002296
6 10.873634077 4.178128
7 12.497677594 4.358008
8 13.916063745 4.533544
9 15.733566675 4.713056
10 17.409769407 4.888448
20 34.860853504 6.65828

