# ghc-7.6.3
1 2.151455516
2 2.874003818
3 4.079212342
4 5.239130483
5 6.481706552
6 7.858991553
7 9.080135468
8 10.482743778
9 11.995029275
10 13.295065084
20 32.428300952


# ghc-7.8.3
1 6.195056677
2 10.393470107
3 14.803894713
4 19.248222441
5 23.661737001
6 27.741901533
7 32.391167167
8 37.17007555
9 41.959150603
10 47.670695362
20 92.896990184


# ghc-7.10.1
1 5.680194149
2 10.415026784
3 15.484735256
4 20.216257333
5 24.973318872
6 29.739606839
7 34.734716622
8 39.4969546
9 42.924834532
10 49.513085663
20 100.368791743
