# ghc-7.6.3
1 0.507878287 3.118324
2 0.486220357 3.1185
3 0.500358128 3.118676
4 0.49704987 3.118844
5 0.493656552 3.11902
6 0.483440184 3.119196
7 0.489796036 3.119372
8 0.4955258 3.11954
9 0.49728528 3.123812
10 0.517085544 3.123988
11 0.498425339 3.124164
12 0.499913005 3.124332
13 0.497891876 3.124508
14 0.496273652 3.124684
15 0.507166896 3.12486
16 0.49237644 3.125028
17 0.505163211 3.125204
18 0.492185798 3.12538
19 0.454246079 3.125556
20 0.461113545 3.125724


# ghc-7.8.3
1 1.163636322 10.48284
2 1.134657218 10.482968
3 1.145596539 10.48308
4 1.143897021 10.483208
5 1.209206535 10.48332
6 1.186871821 10.483448
7 1.169158308 10.48356
8 1.155506199 10.483688
9 1.172699018 10.4838
10 1.159092614 10.483928
11 1.14720117 10.48404
12 1.229449111 10.484168
13 1.16916119 10.48428
14 1.152011022 10.484408
15 1.156295634 10.48452
16 1.169518795 10.488856
17 1.188691675 10.488968
18 1.16608142 10.489096
19 1.158705874 10.489208
20 1.173270796 10.489336


# ghc-7.10.1
1 0.568544569 3.11656
2 0.562474892 3.11668
3 0.558207918 3.1168
4 0.564871536 3.11692
5 0.571408598 3.11704
6 0.560914883 3.11716
7 0.56242997 3.11728
8 0.555201372 3.1174
9 0.569397088 3.121616
10 0.560878778 3.121736
11 0.575348851 3.121856
12 0.569431538 3.121976
13 0.573453955 3.122096
14 0.587053482 3.122216
15 0.578165265 3.122336
16 0.579484923 3.122456
17 0.570215489 3.122576
18 0.570717679 3.122696
19 0.578125037 3.122816
20 0.579021338 3.122936

