# ghc-7.6.3
1 0.462866952 3.117684
2 0.454826364 3.11982
3 0.463544274 3.120052
4 0.472368881 3.120284
5 0.480241735 3.120516
6 0.483338953 3.124852
7 0.475419073 3.125084
8 0.467116767 3.125316
9 0.477655373 3.125548
10 0.483318085 3.125788
20 0.490581217 3.132228


# ghc-7.8.3
1 2.049024297 10.482704
2 1.097869541 10.482968
3 1.10165236 10.483208
4 1.112602008 10.483456
5 1.093489502 10.483696
6 1.114984702 10.483936
7 1.111627782 10.484176
8 1.122219559 10.488632
9 1.075780863 10.488872
10 1.151544543 10.489112
20 1.167958167 10.49572


# ghc-7.10.1
1 0.529218087 3.116328
2 0.517763277 3.125064
3 0.531951725 3.125392
4 0.535189997 3.12572
5 0.542375335 3.12604
6 0.549642182 3.126376
7 0.541941408 3.126696
8 0.565445324 3.131128
9 0.566764579 3.131456
10 0.565071591 3.131784
20 0.587396116 3.13916

