# ghc-7.6.3
1 0.555037038
2 0.552902363
3 0.539357565
4 0.544985652
5 0.561965456
6 0.54331183
7 0.548284049
8 0.571844652
9 0.560567562
10 0.551115187
20 0.569042148


# ghc-7.8.3
1 1.331749388
2 1.259520991
3 1.290741739
4 1.280133323
5 1.283673697
6 1.300898793
7 1.275306288
8 1.280730226
9 1.283912718
10 1.332048783
20 1.339921548


# ghc-7.10.1
1 0.638441914
2 0.62961419
3 0.646074773
4 0.657912148
5 0.659949163
6 0.636946886
7 0.655121467
8 0.661163099
9 0.661380952
10 0.653714581
20 0.711016633
