# ghc-7.6.3
1 1.715679395 3.217916
2 2.740939504 3.320276
3 3.966564921 3.421148
4 5.272051804 3.522308
5 6.546851546 3.623532
6 7.651081723 3.724756
7 8.57584717 3.825788
8 9.849686039 3.926948
9 11.070983134 4.028092
10 12.504799196 4.129444
20 31.534463879 5.14118


# ghc-7.8.3
1 5.799769957 10.77504
2 10.036984128 11.10976
3 14.814624442 11.440192
4 19.076503661 11.769792
5 24.138736155 12.100632
6 28.07656092 12.431456
7 32.784163296 12.762392
8 36.863596016 13.09348
9 41.275856583 13.424568
10 45.802373172 13.75492
20 93.135960414 17.059952


# ghc-7.10.1
1 5.47848395 3.404696
2 10.531946033 3.69792
3 15.329246081 3.98716
4 20.122167665 4.280712
5 24.879840285 4.57448
6 29.480126765 4.864584
7 34.897838073 5.158824
8 39.914762885 5.449072
9 44.470666806 5.743336
10 48.850496907 6.032752
20 97.605369282 8.948952

